(0.1,0.01), 0.0
(1,0.01), 0.0
(10,0.01), 0.1073042846689667
best: (10,0.01), 0.1073042846689667(0.1,1e-05), 0.0
(0.1,0.0001), 0.0
(0.1,0.001), 0.0
(0.1,0.01), 0.0
(0.1,0.1), 0.0
(1,1e-05), 0.0
(1,0.0001), 0.0
(1,0.001), 0.0
(1,0.01), 0.0
(1,0.1), 0.0
(10,1e-05), 0.0
(10,0.0001), 0.0
(10,0.001), 0.0
(10,0.01), 0.1073042846689667
(10,0.1), 0.0
best: (10,0.01), 0.1073042846689667(1,0.01), 0.0
(10,0.01), 0.1073042846689667
best: (10,0.01), 0.1073042846689667(1,0.01), 0.0
(5,0.01), 0.0
(10,0.01), 0.1073042846689667
best: (10,0.01), 0.1073042846689667(1,0.01), 0.0
(2,0.01), 0.0
(3,0.01), 0.0
(4,0.01), 0.0
(5,0.01), 0.0
best: (0.0,0.0), 0.0