(0.1,1e-05), 0.0
(0.1,0.0001), 0.0
(0.1,0.001), 0.0
(0.1,0.01), 0.0
(0.1,0.1), 0.0
(1,1e-05), 0.0
(1,0.0001), 0.0
(1,0.001), 0.0
(1,0.01), 0.0
(1,0.1), 0.0
(10,1e-05), 0.0
(10,0.0001), 0.0
(10,0.001), 0.0
(10,0.01), 0.304000308656326
(10,0.1), 0.0
best: (10,0.01), 0.304000308656326(1,0.01), 0.0
(10,0.01), 0.304000308656326
best: (10,0.01), 0.304000308656326(1,0.01), 0.0
(5,0.01), 0.120132874916865
(10,0.01), 0.304000308656326
best: (10,0.01), 0.304000308656326(1,0.01), 0.0
(2,0.01), 0.0
(3,0.01), 0.0
(4,0.01), 0.05461583685502952
(5,0.01), 0.120132874916865
best: (5,0.01), 0.120132874916865