(0.1,1e-05), 0.0
(0.1,0.0001), 0.0
(0.1,0.001), 0.0
(0.1,0.01), 0.0
(0.1,0.1), 0.0
(1,1e-05), 0.0
(1,0.0001), 0.0
(1,0.001), 0.048042591498719506
(1,0.01), 0.34156826033237825
(1,0.1), 0.0
(10,1e-05), 0.0
(10,0.0001), 0.048042591498719506
(10,0.001), 0.19655048934524308
(10,0.01), 0.5456340831418595
(10,0.1), 0.0
best: (10,0.01), 0.5456340831418595(1,0.01), 0.34156826033237825
(10,0.01), 0.5456340831418595
best: (10,0.01), 0.5456340831418595(1,0.01), 0.34156826033237825
(5,0.01), 0.5193646138094692
(10,0.01), 0.5456340831418595
best: (10,0.01), 0.5456340831418595(1,0.01), 0.34156826033237825
(2,0.01), 0.4562502476371437
(3,0.01), 0.48596268140701687
(4,0.01), 0.506973371119024
(5,0.01), 0.5193646138094692
best: (5,0.01), 0.5193646138094692